
행렬 A 리스트

(1 1) = 1
(2 2) = 1
(2 3) = 1
(2 4) = 1
(3 1) = 1
(4 3) = 1
(5 5) = 1

행렬 B 리스트

(1 1) = 1
(2 2) = 1
(3 1) = 1
(3 3) = 1
(4 3) = 1
(5 5) = 1

행렬 A

1 0 0 0 0 
0 1 1 1 0 
1 0 0 0 0 
0 0 1 0 0 
0 0 0 0 1 

행렬 B

1 0 0 0 0 
0 1 0 0 0 
1 0 1 0 0 
0 0 1 0 0 
0 0 0 0 1 

행렬 C = A + B

2 0 0 0 0 
0 2 1 1 0 
2 0 1 0 0 
0 0 2 0 0 
0 0 0 0 2 

행렬 C 리스트

(1 1) = 2
(2 2) = 2
(2 3) = 1
(2 4) = 1
(3 1) = 2
(3 3) = 1
(4 3) = 2
(5 5) = 2

행렬 D = A - B

0 0 0 0 0 
0 0 1 1 0 
0 0 -1 0 0 
0 0 0 0 0 
0 0 0 0 0 

행렬 D 리스트

(1 1) = 0
(2 2) = 0
(2 3) = 1
(2 4) = 1
(3 1) = 0
(3 3) = -1
(4 3) = 0
(5 5) = 0

행렬 E = TRANCEPOSE(A)

1 0 1 0 0 
0 1 0 0 0 
0 1 0 1 0 
0 1 0 0 0 
0 0 0 0 1 

행렬 E 리스트

(1 1) = 1
(1 3) = 1
(2 2) = 1
(3 2) = 1
(3 4) = 1
(4 2) = 1
(5 5) = 1
